error_train =

     0
     0
     0
     0
     0
     0
     0
     0
     0
     0
     0
   NaN

error_val =

     0.00000
     0.00000
     0.00000
     0.00000
     0.00000
     0.00000
     0.00000
     0.00000
     0.00000
     0.00000
     0.00000
   164.11579

# Training Examples	Train Error	Cross Validation Error
  	1		0.000000	0.000000
  	2		0.000000	0.000000
  	3		0.000000	0.000000
  	4		0.000000	0.000000
  	5		0.000000	0.000000
  	6		0.000000	0.000000
  	7		0.000000	0.000000
  	8		0.000000	0.000000
  	9		0.000000	0.000000
  	10		0.000000	0.000000
  	11		0.000000	0.000000
  	12		NaN	164.115794
Program paused. Press enter to continue.
