# Created by Octave 3.8.0, Wed Mar 13 10:29:05 2019 EDT <deepa@Deepas-MBP>
# name: v
# type: scalar
1


